         532
   298.00000000000000               27
 GEMC_NPT            
           7           6
 12.441361    12.441361    12.441361

 O   10.7850693230      7.0053346634      0.0298596619
 H   10.7550194792      6.1271443751     -0.4475068890
 H   10.2890775518      7.6912708201     -0.5025718532
 O    1.4748551716      4.6465201432      2.1413279572
 H    0.8914465916      5.4579788371      2.1071341463
 H    2.3948937000      4.8841062294      1.8297488769
 O   10.6630747274      4.2426578750     11.5232590804
 H   11.5157810290      4.0436261916     12.0062480577
 H   10.7753281889      4.0383960434     10.5508004279
 O    5.4842927166      9.9111482639      6.1750272642
 H    6.1838583572      9.2273368061      6.3824153191
 H    5.8426178750     10.8242149358      6.3697370478
 O    0.3513666662      3.0284301600      0.1461052642
 H    0.8566060754      3.7048105721      0.6820555211
 H   -0.2168368586      2.4764720810      0.7564220664
 O   11.3892728578      7.4644386863      6.1936306612
 H   11.5707572888      8.4449281649      6.2691540588
 H   11.3930175480      7.1980422331      5.2297746177
 O    3.8167793515      5.7613427212     13.5277896965
 H    3.7780073928      6.4290101278     12.7843403239
 H    4.5818634701      5.9806883364     14.1332096821
 Ar    0.9433954930      2.2515984448      5.4601957292
 Ar    4.4212422983      9.8749056220      8.6684428471
 Ar   10.4886711361      2.2759108986      5.0429907402
 Ar    9.8922316112      2.1535548592      2.2569781005
 Ar    2.0050223445      5.9636373585      4.3459403527
 Ar    9.0926991975      4.2898950232      5.0877622996
