         532
   298.00000000000000               23
 GEMC_NPT            
           6           5
 13.443854    13.443854    13.443854

 O   12.2094262336      8.2026539892     -0.1776273467
 H   11.3776169320      8.0947122631      0.3668374077
 H   12.1468958133      7.6342881614     -0.9980234696
 O    0.8738802669      5.4878028539      1.9076115919
 H    0.0718244318      5.3845589271      2.4958692980
 H    0.9388992407      6.4357952719      1.5960309850
 O   10.4378460177      5.9158191079     11.5361874371
 H   10.4288155672      4.9694310981     11.8590932839
 H   10.0488639943      5.9577238649     10.6158958836
 O    5.6961686089     13.1246151779      6.7261105450
 H    6.1518888716     13.8268183395      6.1790915678
 H    5.3875895603     12.3846299441      6.1284481065
 O    1.5370745022      3.6226628569      0.1655311823
 H    1.1690122278      4.1279370969      0.9460618379
 H    2.2586615928      4.1610338805     -0.2697483569
 O   10.9078329056      8.6201080631      5.9184748542
 H   10.4654082640      8.8328028263      5.0472565268
 H   10.6256608307      7.7100861205      6.2221828561
 Ar    0.9544514010      3.3475892743      6.1620858288
 Ar    4.4293373932     10.7845053541      9.1048288627
 Ar   11.5158810284      3.6850328964      6.4663752942
 Ar   11.2061397991      2.9048177823      1.5106848565
 Ar    2.5442425070      5.1442341005      6.6930752024
