#STEPS          TOT_EN          EN_INTER        EN_TC           EN_INTRA(B)     EN_INTRA(NB)    EN_ELECT        EN_REAL         EN_RECIP        TOTAL_VIR       PRESSURE        TOT_MOL         TOT_DENS        SURF_TENSION    HEAT_VAP        
1000             -4.23686078e+03  1.43412143e+03 -1.89927655e+00  0.00000000e+00  0.00000000e+00 -5.66908293e+03 -4.90198005e+03  8.21488989e+04 -1.39465024e+01  7.60808574e-01  1.30618000e+02  5.60784485e-01 -5.72073106e-03 -7.50410544e+01
2000             -7.15840744e+03  1.59409834e+03 -2.02510040e+00  0.00000000e+00  0.00000000e+00 -8.75048068e+03 -7.44743637e+03  8.43419436e+04 -2.24495600e+03  7.69880251e-01  1.34860000e+02  5.78996736e-01 -4.25965338e-02 -5.91655512e+01
3000             -7.53539576e+03  1.63317434e+03 -2.33296437e+00  0.00000000e+00  0.00000000e+00 -9.16623714e+03 -7.82800568e+03  9.06163707e+04 -2.12011767e+03  8.24192056e-01  1.44756000e+02  6.21483401e-01 -1.51751684e-02 -3.42951954e+01
4000             -6.98084693e+03  1.67803551e+03 -2.50005455e+00  0.00000000e+00  0.00000000e+00 -8.65638239e+03 -7.83566971e+03  9.43943013e+04 -9.43483505e+02  8.73556153e-01  1.49862000e+02  6.43405078e-01 -3.20418326e-02 -1.98052371e+01
5000             -8.31596155e+03  2.18850511e+03 -2.64011111e+00  0.00000000e+00  0.00000000e+00 -1.05018266e+04 -9.48606061e+03  9.68423931e+04 -7.14573531e+02  8.98833580e-01  1.54010000e+02  6.61213757e-01 -3.01308749e-02 -7.36335663e+00
6000             -8.99803618e+03  2.97981892e+03 -2.61964223e+00  0.00000000e+00  0.00000000e+00 -1.19752355e+04 -1.12946855e+04  9.68036296e+04  1.18005866e+04  9.93376897e-01  1.53412000e+02  6.58646354e-01 -1.25406144e-01  8.78186931e-01
7000             -8.82861869e+03  2.75005392e+03 -2.73170472e+00  0.00000000e+00  0.00000000e+00 -1.15759409e+04 -1.08950152e+04  9.88709993e+04  2.95928133e+03  9.40937780e-01  1.56657000e+02  6.72578167e-01 -5.62373562e-02  5.64188905e+00
8000             -9.60624890e+03  2.63890595e+03 -2.83848850e+00  0.00000000e+00  0.00000000e+00 -1.22423164e+04 -1.12179181e+04  1.00459650e+05  2.41310787e+03  9.55157503e-01  1.59692000e+02  6.85608385e-01 -5.59862936e-02  1.03001597e+01
9000             -1.06008674e+04  2.83600319e+03 -2.84999226e+00  0.00000000e+00  0.00000000e+00 -1.34340206e+04 -1.23526760e+04  1.00609323e+05 -3.88566183e+03  9.25426041e-01  1.60016000e+02  6.86999419e-01 -8.31973487e-03  1.38951326e+01
10000            -1.08922131e+04  4.60303487e+03 -2.82020675e+00  0.00000000e+00  0.00000000e+00 -1.54924277e+04 -1.47669284e+04  1.00434041e+05  2.13098640e+04  1.08589991e+00  1.59178000e+02  6.83401620e-01 -5.07905066e-02  1.66634576e+01
11000            -1.12779605e+04  4.80915630e+03 -2.83717811e+00  0.00000000e+00  0.00000000e+00 -1.60842796e+04 -1.54954187e+04  1.00873385e+05  2.11044170e+04  1.08455485e+00  1.59653000e+02  6.85440945e-01 -1.12862443e-01  1.84732462e+01
12000            -1.30512340e+04  5.45059448e+03 -2.86035314e+00  0.00000000e+00  0.00000000e+00 -1.84989681e+04 -1.73883920e+04  1.00766788e+05  2.18068898e+04  1.10106544e+00  1.60306000e+02  6.88244481e-01 -6.78407658e-02  2.01255315e+01
13000            -1.42918709e+04  3.44181043e+03 -2.94064624e+00  0.00000000e+00  0.00000000e+00 -1.77307407e+04 -1.54043654e+04  1.00968879e+05  2.29523909e+04  1.10271665e+00  1.62537000e+02  6.97822872e-01 -2.54530128e-02  2.15812313e+01
14000            -1.45680406e+04  3.40417514e+03 -3.02714669e+00  0.00000000e+00  0.00000000e+00 -1.79691886e+04 -1.55778173e+04  1.02414843e+05 -5.59851771e+03  9.37908149e-01  1.64913000e+02  7.08023793e-01 -7.58347611e-02  2.29676182e+01
15000            -1.36787857e+04  3.50763278e+03 -3.04654649e+00  0.00000000e+00  0.00000000e+00 -1.71833719e+04 -1.50770160e+04  1.03037744e+05  1.16878505e+03  9.94475931e-01  1.65442000e+02  7.10294958e-01 -6.36030239e-02  2.48848510e+01
16000            -1.31723176e+04  3.45885350e+03 -3.03843162e+00  0.00000000e+00  0.00000000e+00 -1.66281327e+04 -1.42882852e+04  1.02663797e+05 -1.35122353e+03  9.71887341e-01  1.65221000e+02  7.09346135e-01 -4.70293347e-02  2.59142284e+01
17000            -1.25808332e+04  3.51641881e+03 -3.01360072e+00  0.00000000e+00  0.00000000e+00 -1.60942384e+04 -1.35472963e+04  1.02027073e+05  2.75194071e+03  9.93055598e-01  1.64545000e+02  7.06443852e-01 -2.26875040e-01  2.68244804e+01
18000            -1.31950193e+04  4.74310604e+03 -3.03026243e+00  0.00000000e+00  0.00000000e+00 -1.79350951e+04 -1.52242196e+04  1.02152313e+05  4.61554931e+03  1.01130283e+00  1.65000000e+02  7.08397311e-01 -1.17636919e-01  2.78878452e+01
19000            -1.50578489e+04  4.68287627e+03 -3.03026243e+00  0.00000000e+00  0.00000000e+00 -1.97376949e+04 -1.67460810e+04  1.01871557e+05  9.89677717e+03  1.04618447e+00  1.65000000e+02  7.08397311e-01 -9.98682589e-02  2.87083847e+01
20000            -1.47868733e+04  4.64897876e+03 -3.00935290e+00  0.00000000e+00  0.00000000e+00 -1.94328427e+04 -1.62567533e+04  1.01325289e+05  7.80319963e+03  1.03235079e+00  1.64429000e+02  7.05945827e-01 -8.89889605e-02  2.95613275e+01
21000            -1.47009153e+04  4.47012428e+03 -2.99364328e+00  0.00000000e+00  0.00000000e+00 -1.91680459e+04 -1.66472351e+04  1.01708562e+05  6.75961248e+03  1.01951966e+00  1.64000000e+02  7.04103994e-01 -6.51435392e-02  3.00025751e+01
22000            -1.65073351e+04  3.46760516e+03 -2.96173364e+00  0.00000000e+00  0.00000000e+00 -1.99719785e+04 -1.74755380e+04  1.01174924e+05 -8.78909430e+03  9.16811142e-01  1.63122000e+02  7.00334462e-01  2.93971703e-02  3.03914393e+01
23000            -1.94109398e+04  3.44385660e+03 -2.92107281e+00  0.00000000e+00  0.00000000e+00 -2.28518754e+04 -2.06228081e+04  1.00729216e+05 -1.64173693e+04  8.54550836e-01  1.62000000e+02  6.95517360e-01  7.87462861e-02  3.03677055e+01
24000            -2.10106801e+04  3.55634296e+03 -2.94527317e+00  0.00000000e+00  0.00000000e+00 -2.45640778e+04 -2.26840536e+04  1.01503438e+05 -2.19830502e+04  8.17796380e-01  1.62669000e+02  6.98389589e-01  1.54366089e-01  3.06265952e+01
25000            -2.15726610e+04  3.58360274e+03 -2.93301021e+00  0.00000000e+00  0.00000000e+00 -2.51533307e+04 -2.27846047e+04  1.00799287e+05 -2.30225627e+04  8.16868979e-01  1.62330000e+02  6.96934155e-01  9.76619866e-02  3.11747636e+01
